0,517
0,386
3,2
3,1
3,3
10,245
10,105
10,67
10,135
10,97
10,227
10,297
10,1
10,307
10,2
10,3
11,13
11,9
11,5
11,23
11,17
11,1
11,7
11,2
11,3
9,5
9,1
9,7
9,2
9,3
8,8
8,4
8,10
8,13
8,1
8,6
8,2
8,3
12,2
12,1
12,3
20,2
20,1
20,3
19,2
19,1
19,3
18,1
18,3
373,5
373,4
373,3
373,2
373,0
369,3
369,2
369,1
369,0
368,5
368,4
368,3
368,2
368,1
368,0
366,3
366,2
366,1
366,0
365,4
365,3
365,2
365,1
365,0
364,4
364,3
364,2
364,1
364,0
363,4
2,2
2,1
2,3
363,3
363,2
363,1
363,0
361,4
361,3
361,2
361,1
361,0
359,3
359,2
359,1
359,0
357,4
357,3
357,2
357,1
357,0
355,3
355,2
355,1
355,0
0,446
0,439
0,306
373,1
373,6
0,273
0,270
13,1
